2145
 0.076563 0.109375 0.451562 
 0.404687 0.434375 0.451562 
 0.076563 0.109375 0.450000 
 0.404687 0.434375 0.450000 
 0.076563 0.109375 0.448437 
 0.404687 0.434375 0.448437 
 0.064062 0.118750 0.446875 
 0.168750 0.192188 0.446875 
 0.304688 0.326562 0.446875 
 0.392188 0.445312 0.446875 
 0.523438 0.545312 0.446875 
 0.632812 0.656250 0.446875 
 0.698438 0.721875 0.446875 
 0.764062 0.785937 0.446875 
 0.871875 0.896875 0.446875 
 0.064062 0.118750 0.445312 
 0.168750 0.192188 0.445312 
 0.304688 0.326562 0.445312 
 0.392188 0.445312 0.445312 
 0.523438 0.545312 0.445312 
 0.632812 0.656250 0.445312 
 0.698438 0.721875 0.445312 
 0.764062 0.785937 0.445312 
 0.871875 0.896875 0.445312 
 0.064062 0.118750 0.443750 
 0.168750 0.192188 0.443750 
 0.304688 0.326562 0.443750 
 0.392188 0.445312 0.443750 
 0.523438 0.545312 0.443750 
 0.632812 0.656250 0.443750 
 0.698438 0.721875 0.443750 
 0.764062 0.785937 0.443750 
 0.871875 0.896875 0.443750 
 0.056250 0.126562 0.442188 
 0.168750 0.193750 0.442188 
 0.301563 0.326562 0.442188 
 0.387500 0.453125 0.442188 
 0.523438 0.545312 0.442188 
 0.632812 0.656250 0.442188 
 0.698438 0.721875 0.442188 
 0.764062 0.785937 0.442188 
 0.868750 0.896875 0.442188 
 0.056250 0.126562 0.440625 
 0.168750 0.193750 0.440625 
 0.301563 0.326562 0.440625 
 0.387500 0.453125 0.440625 
 0.523438 0.545312 0.440625 
 0.632812 0.656250 0.440625 
 0.698438 0.721875 0.440625 
 0.764062 0.785937 0.440625 
 0.868750 0.896875 0.440625 
 0.056250 0.126562 0.439063 
 0.168750 0.193750 0.439063 
 0.301563 0.326562 0.439063 
 0.387500 0.453125 0.439063 
 0.523438 0.545312 0.439063 
 0.632812 0.656250 0.439063 
 0.698438 0.721875 0.439063 
 0.764062 0.785937 0.439063 
 0.868750 0.896875 0.439063 
 0.051562 0.131250 0.437500 
 0.168750 0.193750 0.437500 
 0.301563 0.326562 0.437500 
 0.382812 0.457813 0.437500 
 0.523438 0.545312 0.437500 
 0.632812 0.656250 0.437500 
 0.698438 0.721875 0.437500 
 0.764062 0.785937 0.437500 
 0.868750 0.896875 0.437500 
 0.051562 0.131250 0.435937 
 0.168750 0.193750 0.435937 
 0.301563 0.326562 0.435937 
 0.382812 0.457813 0.435937 
 0.523438 0.545312 0.435937 
 0.632812 0.656250 0.435937 
 0.698438 0.721875 0.435937 
 0.764062 0.785937 0.435937 
 0.868750 0.896875 0.435937 
 0.051562 0.131250 0.434375 
 0.168750 0.193750 0.434375 
 0.301563 0.326562 0.434375 
 0.382812 0.457813 0.434375 
 0.523438 0.545312 0.434375 
 0.632812 0.656250 0.434375 
 0.698438 0.721875 0.434375 
 0.764062 0.785937 0.434375 
 0.868750 0.896875 0.434375 
 0.048438 0.134375 0.432812 
 0.171875 0.193750 0.432812 
 0.301563 0.325000 0.432812 
 0.378125 0.460938 0.432812 
 0.523438 0.545312 0.432812 
 0.632812 0.656250 0.432812 
 0.698438 0.721875 0.432812 
 0.764062 0.785937 0.432812 
 0.867188 0.896875 0.432812 
 0.048438 0.134375 0.431250 
 0.171875 0.193750 0.431250 
 0.301563 0.325000 0.431250 
 0.378125 0.460938 0.431250 
 0.523438 0.545312 0.431250 
 0.632812 0.656250 0.431250 
 0.698438 0.721875 0.431250 
 0.764062 0.785937 0.431250 
 0.867188 0.896875 0.431250 
 0.048438 0.134375 0.429688 
 0.171875 0.193750 0.429688 
 0.301563 0.325000 0.429688 
 0.378125 0.460938 0.429688 
 0.523438 0.545312 0.429688 
 0.632812 0.656250 0.429688 
 0.698438 0.721875 0.429688 
 0.764062 0.785937 0.429688 
 0.867188 0.896875 0.429688 
 0.043750 0.139063 0.428125 
 0.171875 0.196875 0.428125 
 0.300000 0.325000 0.428125 
 0.371875 0.465625 0.428125 
 0.523438 0.545312 0.428125 
 0.632812 0.656250 0.428125 
 0.698438 0.721875 0.428125 
 0.764062 0.785937 0.428125 
 0.867188 0.896875 0.428125 
 0.043750 0.139063 0.426563 
 0.171875 0.196875 0.426563 
 0.300000 0.325000 0.426563 
 0.371875 0.465625 0.426563 
 0.523438 0.545312 0.426563 
 0.632812 0.656250 0.426563 
 0.698438 0.721875 0.426563 
 0.764062 0.785937 0.426563 
 0.867188 0.896875 0.426563 
 0.043750 0.139063 0.425000 
 0.171875 0.196875 0.425000 
 0.300000 0.325000 0.425000 
 0.371875 0.465625 0.425000 
 0.523438 0.545312 0.425000 
 0.632812 0.656250 0.425000 
 0.698438 0.721875 0.425000 
 0.764062 0.785937 0.425000 
 0.867188 0.896875 0.425000 
 0.040625 0.142187 0.423438 
 0.173437 0.196875 0.423438 
 0.300000 0.321875 0.423438 
 0.370312 0.467187 0.423438 
 0.523438 0.545312 0.423438 
 0.632812 0.656250 0.423438 
 0.698438 0.721875 0.423438 
 0.764062 0.785937 0.423438 
 0.864062 0.896875 0.423438 
 0.040625 0.142187 0.421875 
 0.173437 0.196875 0.421875 
 0.300000 0.321875 0.421875 
 0.370312 0.467187 0.421875 
 0.523438 0.545312 0.421875 
 0.632812 0.656250 0.421875 
 0.698438 0.721875 0.421875 
 0.764062 0.785937 0.421875 
 0.864062 0.896875 0.421875 
 0.040625 0.142187 0.420312 
 0.173437 0.196875 0.420312 
 0.300000 0.321875 0.420312 
 0.370312 0.467187 0.420312 
 0.523438 0.545312 0.420312 
 0.632812 0.656250 0.420312 
 0.698438 0.721875 0.420312 
 0.764062 0.785937 0.420312 
 0.864062 0.896875 0.420312 
 0.039062 0.143750 0.418750 
 0.173437 0.196875 0.418750 
 0.300000 0.321875 0.418750 
 0.367188 0.470313 0.418750 
 0.523438 0.545312 0.418750 
 0.632812 0.656250 0.418750 
 0.698438 0.721875 0.418750 
 0.764062 0.785937 0.418750 
 0.862500 0.896875 0.418750 
 0.039062 0.143750 0.417187 
 0.173437 0.196875 0.417187 
 0.300000 0.321875 0.417187 
 0.367188 0.470313 0.417187 
 0.523438 0.545312 0.417187 
 0.632812 0.656250 0.417187 
 0.698438 0.721875 0.417187 
 0.764062 0.785937 0.417187 
 0.862500 0.896875 0.417187 
 0.039062 0.143750 0.415625 
 0.173437 0.196875 0.415625 
 0.300000 0.321875 0.415625 
 0.367188 0.470313 0.415625 
 0.523438 0.545312 0.415625 
 0.632812 0.656250 0.415625 
 0.698438 0.721875 0.415625 
 0.764062 0.785937 0.415625 
 0.862500 0.896875 0.415625 
 0.035937 0.078125 0.414062 
 0.106250 0.146875 0.414062 
 0.173437 0.198437 0.414062 
 0.296875 0.321875 0.414062 
 0.364063 0.407813 0.414062 
 0.429688 0.473438 0.414062 
 0.523438 0.545312 0.414062 
 0.632812 0.656250 0.414062 
 0.698438 0.721875 0.414062 
 0.764062 0.785937 0.414062 
 0.862500 0.896875 0.414062 
 0.035937 0.078125 0.412500 
 0.106250 0.146875 0.412500 
 0.173437 0.198437 0.412500 
 0.296875 0.321875 0.412500 
 0.364063 0.407813 0.412500 
 0.429688 0.473438 0.412500 
 0.523438 0.545312 0.412500 
 0.632812 0.656250 0.412500 
 0.698438 0.721875 0.412500 
 0.764062 0.785937 0.412500 
 0.862500 0.896875 0.412500 
 0.035937 0.078125 0.410938 
 0.106250 0.146875 0.410938 
 0.173437 0.198437 0.410938 
 0.296875 0.321875 0.410938 
 0.364063 0.407813 0.410938 
 0.429688 0.473438 0.410938 
 0.523438 0.545312 0.410938 
 0.632812 0.656250 0.410938 
 0.698438 0.721875 0.410938 
 0.764062 0.785937 0.410938 
 0.862500 0.896875 0.410938 
 0.032813 0.071875 0.409375 
 0.114062 0.146875 0.409375 
 0.176563 0.198437 0.409375 
 0.296875 0.320312 0.409375 
 0.362500 0.400000 0.409375 
 0.437500 0.475000 0.409375 
 0.523438 0.545312 0.409375 
 0.632812 0.656250 0.409375 
 0.698438 0.721875 0.409375 
 0.764062 0.785937 0.409375 
 0.859375 0.896875 0.409375 
 0.032813 0.071875 0.407813 
 0.114062 0.146875 0.407813 
 0.176563 0.198437 0.407813 
 0.296875 0.320312 0.407813 
 0.362500 0.400000 0.407813 
 0.437500 0.475000 0.407813 
 0.523438 0.545312 0.407813 
 0.632812 0.656250 0.407813 
 0.698438 0.721875 0.407813 
 0.764062 0.785937 0.407813 
 0.859375 0.896875 0.407813 
 0.032813 0.071875 0.406250 
 0.114062 0.146875 0.406250 
 0.176563 0.198437 0.406250 
 0.296875 0.320312 0.406250 
 0.362500 0.400000 0.406250 
 0.437500 0.475000 0.406250 
 0.523438 0.545312 0.406250 
 0.632812 0.656250 0.406250 
 0.698438 0.721875 0.406250 
 0.764062 0.785937 0.406250 
 0.859375 0.896875 0.406250 
 0.032813 0.065625 0.404687 
 0.118750 0.148438 0.404687 
 0.176563 0.198437 0.404687 
 0.296875 0.320312 0.404687 
 0.362500 0.392188 0.404687 
 0.442188 0.475000 0.404687 
 0.523438 0.545312 0.404687 
 0.632812 0.656250 0.404687 
 0.698438 0.721875 0.404687 
 0.764062 0.785937 0.404687 
 0.856250 0.896875 0.404687 
 0.032813 0.065625 0.403125 
 0.118750 0.148438 0.403125 
 0.176563 0.198437 0.403125 
 0.296875 0.320312 0.403125 
 0.362500 0.392188 0.403125 
 0.442188 0.475000 0.403125 
 0.523438 0.545312 0.403125 
 0.632812 0.656250 0.403125 
 0.698438 0.721875 0.403125 
 0.764062 0.785937 0.403125 
 0.856250 0.896875 0.403125 
 0.032813 0.065625 0.401562 
 0.118750 0.148438 0.401562 
 0.176563 0.198437 0.401562 
 0.296875 0.320312 0.401562 
 0.362500 0.392188 0.401562 
 0.442188 0.475000 0.401562 
 0.523438 0.545312 0.401562 
 0.632812 0.656250 0.401562 
 0.698438 0.721875 0.401562 
 0.764062 0.785937 0.401562 
 0.856250 0.896875 0.401562 
 0.031250 0.060937 0.400000 
 0.123438 0.151562 0.400000 
 0.179688 0.201563 0.400000 
 0.295312 0.317188 0.400000 
 0.359375 0.390625 0.400000 
 0.446875 0.478125 0.400000 
 0.523438 0.545312 0.400000 
 0.632812 0.656250 0.400000 
 0.698438 0.721875 0.400000 
 0.764062 0.785937 0.400000 
 0.856250 0.896875 0.400000 
 0.031250 0.060937 0.398438 
 0.123438 0.151562 0.398438 
 0.179688 0.201563 0.398438 
 0.295312 0.317188 0.398438 
 0.359375 0.390625 0.398438 
 0.446875 0.478125 0.398438 
 0.523438 0.545312 0.398438 
 0.632812 0.656250 0.398438 
 0.698438 0.721875 0.398438 
 0.764062 0.785937 0.398438 
 0.856250 0.896875 0.398438 
 0.031250 0.060937 0.396875 
 0.123438 0.151562 0.396875 
 0.179688 0.201563 0.396875 
 0.295312 0.317188 0.396875 
 0.359375 0.390625 0.396875 
 0.446875 0.478125 0.396875 
 0.523438 0.545312 0.396875 
 0.632812 0.656250 0.396875 
 0.698438 0.721875 0.396875 
 0.764062 0.785937 0.396875 
 0.856250 0.896875 0.396875 
 0.031250 0.060937 0.395313 
 0.123438 0.151562 0.395313 
 0.179688 0.201563 0.395313 
 0.295312 0.317188 0.395313 
 0.359375 0.390625 0.395313 
 0.446875 0.478125 0.395313 
 0.523438 0.545312 0.395313 
 0.632812 0.656250 0.395313 
 0.698438 0.721875 0.395313 
 0.764062 0.785937 0.395313 
 0.856250 0.896875 0.395313 
 0.028125 0.059375 0.393750 
 0.126562 0.151562 0.393750 
 0.179688 0.201563 0.393750 
 0.295312 0.317188 0.393750 
 0.357812 0.384375 0.393750 
 0.450000 0.479687 0.393750 
 0.523438 0.545312 0.393750 
 0.632812 0.656250 0.393750 
 0.698438 0.721875 0.393750 
 0.764062 0.785937 0.393750 
 0.854688 0.896875 0.393750 
 0.028125 0.059375 0.392188 
 0.126562 0.151562 0.392188 
 0.179688 0.201563 0.392188 
 0.295312 0.317188 0.392188 
 0.357812 0.384375 0.392188 
 0.450000 0.479687 0.392188 
 0.523438 0.545312 0.392188 
 0.632812 0.656250 0.392188 
 0.698438 0.721875 0.392188 
 0.764062 0.785937 0.392188 
 0.854688 0.896875 0.392188 
 0.028125 0.059375 0.390625 
 0.126562 0.151562 0.390625 
 0.179688 0.201563 0.390625 
 0.295312 0.317188 0.390625 
 0.357812 0.384375 0.390625 
 0.450000 0.479687 0.390625 
 0.523438 0.545312 0.390625 
 0.632812 0.656250 0.390625 
 0.698438 0.721875 0.390625 
 0.764062 0.785937 0.390625 
 0.854688 0.896875 0.390625 
 0.028125 0.056250 0.389062 
 0.128125 0.154688 0.389062 
 0.179688 0.204687 0.389062 
 0.292187 0.317188 0.389062 
 0.357812 0.382812 0.389062 
 0.453125 0.479687 0.389062 
 0.523438 0.545312 0.389062 
 0.632812 0.656250 0.389062 
 0.698438 0.721875 0.389062 
 0.764062 0.785937 0.389062 
 0.851562 0.896875 0.389062 
 0.028125 0.056250 0.387500 
 0.128125 0.154688 0.387500 
 0.179688 0.204687 0.387500 
 0.292187 0.317188 0.387500 
 0.357812 0.382812 0.387500 
 0.453125 0.479687 0.387500 
 0.523438 0.545312 0.387500 
 0.632812 0.656250 0.387500 
 0.698438 0.721875 0.387500 
 0.764062 0.785937 0.387500 
 0.851562 0.896875 0.387500 
 0.028125 0.056250 0.385937 
 0.128125 0.154688 0.385937 
 0.179688 0.204687 0.385937 
 0.292187 0.317188 0.385937 
 0.357812 0.382812 0.385937 
 0.453125 0.479687 0.385937 
 0.523438 0.545312 0.385937 
 0.632812 0.656250 0.385937 
 0.698438 0.721875 0.385937 
 0.764062 0.785937 0.385937 
 0.851562 0.896875 0.385937 
 0.026562 0.053125 0.384375 
 0.128125 0.154688 0.384375 
 0.181250 0.204687 0.384375 
 0.292187 0.314063 0.384375 
 0.354687 0.379688 0.384375 
 0.454688 0.482812 0.384375 
 0.523438 0.545312 0.384375 
 0.632812 0.656250 0.384375 
 0.698438 0.721875 0.384375 
 0.764062 0.785937 0.384375 
 0.851562 0.896875 0.384375 
 0.026562 0.053125 0.382812 
 0.128125 0.154688 0.382812 
 0.181250 0.204687 0.382812 
 0.292187 0.314063 0.382812 
 0.354687 0.379688 0.382812 
 0.454688 0.482812 0.382812 
 0.523438 0.545312 0.382812 
 0.632812 0.656250 0.382812 
 0.698438 0.721875 0.382812 
 0.764062 0.785937 0.382812 
 0.851562 0.896875 0.382812 
 0.026562 0.053125 0.381250 
 0.128125 0.154688 0.381250 
 0.181250 0.204687 0.381250 
 0.292187 0.314063 0.381250 
 0.354687 0.379688 0.381250 
 0.454688 0.482812 0.381250 
 0.523438 0.545312 0.381250 
 0.632812 0.656250 0.381250 
 0.698438 0.721875 0.381250 
 0.764062 0.785937 0.381250 
 0.851562 0.896875 0.381250 
 0.026562 0.051562 0.379688 
 0.131250 0.154688 0.379688 
 0.181250 0.204687 0.379688 
 0.292187 0.314063 0.379688 
 0.351562 0.378125 0.379688 
 0.457813 0.482812 0.379688 
 0.523438 0.545312 0.379688 
 0.632812 0.656250 0.379688 
 0.698438 0.721875 0.379688 
 0.764062 0.785937 0.379688 
 0.848437 0.896875 0.379688 
 0.026562 0.051562 0.378125 
 0.131250 0.154688 0.378125 
 0.181250 0.204687 0.378125 
 0.292187 0.314063 0.378125 
 0.351562 0.378125 0.378125 
 0.457813 0.482812 0.378125 
 0.523438 0.545312 0.378125 
 0.632812 0.656250 0.378125 
 0.698438 0.721875 0.378125 
 0.764062 0.785937 0.378125 
 0.848437 0.896875 0.378125 
 0.026562 0.051562 0.376563 
 0.131250 0.154688 0.376563 
 0.181250 0.204687 0.376563 
 0.292187 0.314063 0.376563 
 0.351562 0.378125 0.376563 
 0.457813 0.482812 0.376563 
 0.523438 0.545312 0.376563 
 0.632812 0.656250 0.376563 
 0.698438 0.721875 0.376563 
 0.764062 0.785937 0.376563 
 0.848437 0.896875 0.376563 
 0.023438 0.048438 0.375000 
 0.131250 0.156250 0.375000 
 0.184375 0.206250 0.375000 
 0.289062 0.312500 0.375000 
 0.351562 0.378125 0.375000 
 0.460938 0.485938 0.375000 
 0.523438 0.545312 0.375000 
 0.632812 0.656250 0.375000 
 0.698438 0.721875 0.375000 
 0.764062 0.785937 0.375000 
 0.846875 0.896875 0.375000 
 0.023438 0.048438 0.373437 
 0.131250 0.156250 0.373437 
 0.184375 0.206250 0.373437 
 0.289062 0.312500 0.373437 
 0.351562 0.378125 0.373437 
 0.460938 0.485938 0.373437 
 0.523438 0.545312 0.373437 
 0.632812 0.656250 0.373437 
 0.698438 0.721875 0.373437 
 0.764062 0.785937 0.373437 
 0.846875 0.896875 0.373437 
 0.023438 0.048438 0.371875 
 0.131250 0.156250 0.371875 
 0.184375 0.206250 0.371875 
 0.289062 0.312500 0.371875 
 0.351562 0.378125 0.371875 
 0.460938 0.485938 0.371875 
 0.523438 0.545312 0.371875 
 0.632812 0.656250 0.371875 
 0.698438 0.721875 0.371875 
 0.764062 0.785937 0.371875 
 0.846875 0.896875 0.371875 
 0.023438 0.048438 0.370312 
 0.134375 0.156250 0.370312 
 0.184375 0.206250 0.370312 
 0.289062 0.312500 0.370312 
 0.351562 0.375000 0.370312 
 0.460938 0.485938 0.370312 
 0.523438 0.545312 0.370312 
 0.632812 0.656250 0.370312 
 0.698438 0.721875 0.370312 
 0.764062 0.785937 0.370312 
 0.846875 0.871875 0.370312 
 0.875000 0.896875 0.370312 
 0.023438 0.048438 0.368750 
 0.134375 0.156250 0.368750 
 0.184375 0.206250 0.368750 
 0.289062 0.312500 0.368750 
 0.351562 0.375000 0.368750 
 0.460938 0.485938 0.368750 
 0.523438 0.545312 0.368750 
 0.632812 0.656250 0.368750 
 0.698438 0.721875 0.368750 
 0.764062 0.785937 0.368750 
 0.846875 0.871875 0.368750 
 0.875000 0.896875 0.368750 
 0.023438 0.048438 0.367188 
 0.134375 0.156250 0.367188 
 0.184375 0.206250 0.367188 
 0.289062 0.312500 0.367188 
 0.351562 0.375000 0.367188 
 0.460938 0.485938 0.367188 
 0.523438 0.545312 0.367188 
 0.632812 0.656250 0.367188 
 0.698438 0.721875 0.367188 
 0.764062 0.785937 0.367188 
 0.846875 0.871875 0.367188 
 0.875000 0.896875 0.367188 
 0.023438 0.045312 0.365625 
 0.134375 0.156250 0.365625 
 0.184375 0.206250 0.365625 
 0.289062 0.312500 0.365625 
 0.350000 0.375000 0.365625 
 0.462500 0.487500 0.365625 
 0.523438 0.545312 0.365625 
 0.632812 0.656250 0.365625 
 0.698438 0.721875 0.365625 
 0.764062 0.785937 0.365625 
 0.843750 0.871875 0.365625 
 0.875000 0.896875 0.365625 
 0.023438 0.045312 0.364063 
 0.134375 0.156250 0.364063 
 0.184375 0.206250 0.364063 
 0.289062 0.312500 0.364063 
 0.350000 0.375000 0.364063 
 0.462500 0.487500 0.364063 
 0.523438 0.545312 0.364063 
 0.632812 0.656250 0.364063 
 0.698438 0.721875 0.364063 
 0.764062 0.785937 0.364063 
 0.843750 0.871875 0.364063 
 0.875000 0.896875 0.364063 
 0.023438 0.045312 0.362500 
 0.134375 0.156250 0.362500 
 0.184375 0.206250 0.362500 
 0.289062 0.312500 0.362500 
 0.350000 0.375000 0.362500 
 0.462500 0.487500 0.362500 
 0.523438 0.545312 0.362500 
 0.632812 0.656250 0.362500 
 0.698438 0.721875 0.362500 
 0.764062 0.785937 0.362500 
 0.843750 0.871875 0.362500 
 0.875000 0.896875 0.362500 
 0.023438 0.045312 0.360938 
 0.134375 0.156250 0.360938 
 0.185938 0.209375 0.360938 
 0.287500 0.309375 0.360938 
 0.350000 0.371875 0.360938 
 0.462500 0.487500 0.360938 
 0.523438 0.545312 0.360938 
 0.632812 0.656250 0.360938 
 0.698438 0.721875 0.360938 
 0.764062 0.785937 0.360938 
 0.842187 0.868750 0.360938 
 0.875000 0.896875 0.360938 
 0.023438 0.045312 0.359375 
 0.134375 0.156250 0.359375 
 0.185938 0.209375 0.359375 
 0.287500 0.309375 0.359375 
 0.350000 0.371875 0.359375 
 0.462500 0.487500 0.359375 
 0.523438 0.545312 0.359375 
 0.632812 0.656250 0.359375 
 0.698438 0.721875 0.359375 
 0.764062 0.785937 0.359375 
 0.842187 0.868750 0.359375 
 0.875000 0.896875 0.359375 
 0.023438 0.045312 0.357812 
 0.134375 0.156250 0.357812 
 0.185938 0.209375 0.357812 
 0.287500 0.309375 0.357812 
 0.350000 0.371875 0.357812 
 0.462500 0.487500 0.357812 
 0.523438 0.545312 0.357812 
 0.632812 0.656250 0.357812 
 0.698438 0.721875 0.357812 
 0.764062 0.785937 0.357812 
 0.842187 0.868750 0.357812 
 0.875000 0.896875 0.357812 
 0.020313 0.045312 0.356250 
 0.134375 0.156250 0.356250 
 0.185938 0.209375 0.356250 
 0.287500 0.309375 0.356250 
 0.346875 0.371875 0.356250 
 0.465625 0.487500 0.356250 
 0.523438 0.545312 0.356250 
 0.632812 0.656250 0.356250 
 0.698438 0.721875 0.356250 
 0.764062 0.785937 0.356250 
 0.842187 0.867188 0.356250 
 0.875000 0.896875 0.356250 
 0.020313 0.045312 0.354687 
 0.134375 0.156250 0.354687 
 0.185938 0.209375 0.354687 
 0.287500 0.309375 0.354687 
 0.346875 0.371875 0.354687 
 0.465625 0.487500 0.354687 
 0.523438 0.545312 0.354687 
 0.632812 0.656250 0.354687 
 0.698438 0.721875 0.354687 
 0.764062 0.785937 0.354687 
 0.842187 0.867188 0.354687 
 0.875000 0.896875 0.354687 
 0.020313 0.045312 0.353125 
 0.134375 0.156250 0.353125 
 0.185938 0.209375 0.353125 
 0.287500 0.309375 0.353125 
 0.346875 0.371875 0.353125 
 0.465625 0.487500 0.353125 
 0.523438 0.545312 0.353125 
 0.632812 0.656250 0.353125 
 0.698438 0.721875 0.353125 
 0.764062 0.785937 0.353125 
 0.842187 0.867188 0.353125 
 0.875000 0.896875 0.353125 
 0.020313 0.045312 0.351562 
 0.134375 0.156250 0.351562 
 0.189062 0.210938 0.351562 
 0.284375 0.307812 0.351562 
 0.346875 0.370312 0.351562 
 0.465625 0.490625 0.351562 
 0.523438 0.545312 0.351562 
 0.632812 0.656250 0.351562 
 0.698438 0.721875 0.351562 
 0.764062 0.785937 0.351562 
 0.839063 0.867188 0.351562 
 0.875000 0.896875 0.351562 
 0.020313 0.045312 0.350000 
 0.134375 0.156250 0.350000 
 0.189062 0.210938 0.350000 
 0.284375 0.307812 0.350000 
 0.346875 0.370312 0.350000 
 0.465625 0.490625 0.350000 
 0.523438 0.545312 0.350000 
 0.632812 0.656250 0.350000 
 0.698438 0.721875 0.350000 
 0.764062 0.785937 0.350000 
 0.839063 0.867188 0.350000 
 0.875000 0.896875 0.350000 
 0.020313 0.045312 0.348438 
 0.134375 0.156250 0.348438 
 0.189062 0.210938 0.348438 
 0.284375 0.307812 0.348438 
 0.346875 0.370312 0.348438 
 0.465625 0.490625 0.348438 
 0.523438 0.545312 0.348438 
 0.632812 0.656250 0.348438 
 0.698438 0.721875 0.348438 
 0.764062 0.785937 0.348438 
 0.839063 0.867188 0.348438 
 0.875000 0.896875 0.348438 
 0.020313 0.043750 0.346875 
 0.134375 0.156250 0.346875 
 0.189062 0.307812 0.346875 
 0.346875 0.370312 0.346875 
 0.465625 0.490625 0.346875 
 0.523438 0.545312 0.346875 
 0.632812 0.656250 0.346875 
 0.698438 0.721875 0.346875 
 0.764062 0.785937 0.346875 
 0.839063 0.864062 0.346875 
 0.875000 0.896875 0.346875 
 0.020313 0.043750 0.345313 
 0.134375 0.156250 0.345313 
 0.189062 0.307812 0.345313 
 0.346875 0.370312 0.345313 
 0.465625 0.490625 0.345313 
 0.523438 0.545312 0.345313 
 0.632812 0.656250 0.345313 
 0.698438 0.721875 0.345313 
 0.764062 0.785937 0.345313 
 0.839063 0.864062 0.345313 
 0.875000 0.896875 0.345313 
 0.020313 0.043750 0.343750 
 0.134375 0.156250 0.343750 
 0.189062 0.307812 0.343750 
 0.346875 0.370312 0.343750 
 0.465625 0.490625 0.343750 
 0.523438 0.545312 0.343750 
 0.632812 0.656250 0.343750 
 0.698438 0.721875 0.343750 
 0.764062 0.785937 0.343750 
 0.839063 0.864062 0.343750 
 0.875000 0.896875 0.343750 
 0.020313 0.043750 0.342187 
 0.131250 0.156250 0.342187 
 0.189062 0.307812 0.342187 
 0.346875 0.370312 0.342187 
 0.467187 0.485938 0.342187 
 0.523438 0.545312 0.342187 
 0.632812 0.656250 0.342187 
 0.698438 0.721875 0.342187 
 0.764062 0.785937 0.342187 
 0.835938 0.864062 0.342187 
 0.875000 0.896875 0.342187 
 0.020313 0.043750 0.340625 
 0.131250 0.156250 0.340625 
 0.189062 0.307812 0.340625 
 0.346875 0.370312 0.340625 
 0.467187 0.485938 0.340625 
 0.523438 0.545312 0.340625 
 0.632812 0.656250 0.340625 
 0.698438 0.721875 0.340625 
 0.764062 0.785937 0.340625 
 0.835938 0.864062 0.340625 
 0.875000 0.896875 0.340625 
 0.020313 0.043750 0.339062 
 0.131250 0.156250 0.339062 
 0.189062 0.307812 0.339062 
 0.346875 0.370312 0.339062 
 0.467187 0.485938 0.339062 
 0.523438 0.545312 0.339062 
 0.632812 0.656250 0.339062 
 0.698438 0.721875 0.339062 
 0.764062 0.785937 0.339062 
 0.835938 0.864062 0.339062 
 0.875000 0.896875 0.339062 
 0.020313 0.043750 0.337500 
 0.131250 0.156250 0.337500 
 0.192188 0.304688 0.337500 
 0.345313 0.367188 0.337500 
 0.467187 0.475000 0.337500 
 0.523438 0.545312 0.337500 
 0.632812 0.656250 0.337500 
 0.698438 0.721875 0.337500 
 0.764062 0.785937 0.337500 
 0.834375 0.862500 0.337500 
 0.875000 0.896875 0.337500 
 0.020313 0.043750 0.335938 
 0.131250 0.156250 0.335938 
 0.192188 0.304688 0.335938 
 0.345313 0.367188 0.335938 
 0.467187 0.475000 0.335938 
 0.523438 0.545312 0.335938 
 0.632812 0.656250 0.335938 
 0.698438 0.721875 0.335938 
 0.764062 0.785937 0.335938 
 0.834375 0.862500 0.335938 
 0.875000 0.896875 0.335938 
 0.020313 0.043750 0.334375 
 0.131250 0.156250 0.334375 
 0.192188 0.304688 0.334375 
 0.345313 0.367188 0.334375 
 0.467187 0.475000 0.334375 
 0.523438 0.545312 0.334375 
 0.632812 0.656250 0.334375 
 0.698438 0.721875 0.334375 
 0.764062 0.785937 0.334375 
 0.834375 0.862500 0.334375 
 0.875000 0.896875 0.334375 
 0.128125 0.154688 0.332813 
 0.192188 0.304688 0.332813 
 0.345313 0.367188 0.332813 
 0.523438 0.545312 0.332813 
 0.632812 0.656250 0.332813 
 0.698438 0.721875 0.332813 
 0.764062 0.785937 0.332813 
 0.834375 0.859375 0.332813 
 0.875000 0.896875 0.332813 
 0.128125 0.154688 0.331250 
 0.192188 0.304688 0.331250 
 0.345313 0.367188 0.331250 
 0.523438 0.545312 0.331250 
 0.632812 0.656250 0.331250 
 0.698438 0.721875 0.331250 
 0.764062 0.785937 0.331250 
 0.834375 0.859375 0.331250 
 0.875000 0.896875 0.331250 
 0.128125 0.154688 0.329688 
 0.192188 0.304688 0.329688 
 0.345313 0.367188 0.329688 
 0.523438 0.545312 0.329688 
 0.632812 0.656250 0.329688 
 0.698438 0.721875 0.329688 
 0.764062 0.785937 0.329688 
 0.834375 0.859375 0.329688 
 0.875000 0.896875 0.329688 
 0.128125 0.154688 0.328125 
 0.192188 0.304688 0.328125 
 0.345313 0.367188 0.328125 
 0.523438 0.545312 0.328125 
 0.632812 0.656250 0.328125 
 0.698438 0.721875 0.328125 
 0.764062 0.785937 0.328125 
 0.834375 0.859375 0.328125 
 0.875000 0.896875 0.328125 
 0.126562 0.154688 0.326562 
 0.193750 0.301563 0.326562 
 0.345313 0.367188 0.326562 
 0.523438 0.545312 0.326562 
 0.632812 0.656250 0.326562 
 0.698438 0.721875 0.326562 
 0.764062 0.785937 0.326562 
 0.831250 0.859375 0.326562 
 0.875000 0.896875 0.326562 
 0.126562 0.154688 0.325000 
 0.193750 0.301563 0.325000 
 0.345313 0.367188 0.325000 
 0.523438 0.545312 0.325000 
 0.632812 0.656250 0.325000 
 0.698438 0.721875 0.325000 
 0.764062 0.785937 0.325000 
 0.831250 0.859375 0.325000 
 0.875000 0.896875 0.325000 
 0.126562 0.154688 0.323437 
 0.193750 0.301563 0.323437 
 0.345313 0.367188 0.323437 
 0.523438 0.545312 0.323437 
 0.632812 0.656250 0.323437 
 0.698438 0.721875 0.323437 
 0.764062 0.785937 0.323437 
 0.831250 0.859375 0.323437 
 0.875000 0.896875 0.323437 
 0.123438 0.154688 0.321875 
 0.193750 0.301563 0.321875 
 0.345313 0.367188 0.321875 
 0.523438 0.545312 0.321875 
 0.632812 0.656250 0.321875 
 0.698438 0.721875 0.321875 
 0.764062 0.785937 0.321875 
 0.829688 0.856250 0.321875 
 0.875000 0.896875 0.321875 
 0.123438 0.154688 0.320312 
 0.193750 0.301563 0.320312 
 0.345313 0.367188 0.320312 
 0.523438 0.545312 0.320312 
 0.632812 0.656250 0.320312 
 0.698438 0.721875 0.320312 
 0.764062 0.785937 0.320312 
 0.829688 0.856250 0.320312 
 0.875000 0.896875 0.320312 
 0.123438 0.154688 0.318750 
 0.193750 0.301563 0.318750 
 0.345313 0.367188 0.318750 
 0.523438 0.545312 0.318750 
 0.632812 0.656250 0.318750 
 0.698438 0.721875 0.318750 
 0.764062 0.785937 0.318750 
 0.829688 0.856250 0.318750 
 0.875000 0.896875 0.318750 
 0.118750 0.151562 0.317188 
 0.193750 0.301563 0.317188 
 0.345313 0.367188 0.317188 
 0.523438 0.545312 0.317188 
 0.632812 0.656250 0.317188 
 0.698438 0.721875 0.317188 
 0.764062 0.785937 0.317188 
 0.829688 0.854688 0.317188 
 0.875000 0.896875 0.317188 
 0.118750 0.151562 0.315625 
 0.193750 0.301563 0.315625 
 0.345313 0.367188 0.315625 
 0.523438 0.545312 0.315625 
 0.632812 0.656250 0.315625 
 0.698438 0.721875 0.315625 
 0.764062 0.785937 0.315625 
 0.829688 0.854688 0.315625 
 0.875000 0.896875 0.315625 
 0.118750 0.151562 0.314063 
 0.193750 0.301563 0.314063 
 0.345313 0.367188 0.314063 
 0.523438 0.545312 0.314063 
 0.632812 0.656250 0.314063 
 0.698438 0.721875 0.314063 
 0.764062 0.785937 0.314063 
 0.829688 0.854688 0.314063 
 0.875000 0.896875 0.314063 
 0.114062 0.151562 0.312500 
 0.196875 0.300000 0.312500 
 0.342187 0.364063 0.312500 
 0.523438 0.545312 0.312500 
 0.632812 0.656250 0.312500 
 0.698438 0.721875 0.312500 
 0.764062 0.785937 0.312500 
 0.826562 0.854688 0.312500 
 0.875000 0.896875 0.312500 
 0.114062 0.151562 0.310937 
 0.196875 0.300000 0.310937 
 0.342187 0.364063 0.310937 
 0.523438 0.545312 0.310937 
 0.632812 0.656250 0.310937 
 0.698438 0.721875 0.310937 
 0.764062 0.785937 0.310937 
 0.826562 0.854688 0.310937 
 0.875000 0.896875 0.310937 
 0.114062 0.151562 0.309375 
 0.196875 0.300000 0.309375 
 0.342187 0.364063 0.309375 
 0.523438 0.545312 0.309375 
 0.632812 0.656250 0.309375 
 0.698438 0.721875 0.309375 
 0.764062 0.785937 0.309375 
 0.826562 0.854688 0.309375 
 0.875000 0.896875 0.309375 
 0.106250 0.148438 0.307812 
 0.196875 0.218750 0.307812 
 0.276562 0.300000 0.307812 
 0.342187 0.364063 0.307812 
 0.523438 0.545312 0.307812 
 0.632812 0.656250 0.307812 
 0.698438 0.721875 0.307812 
 0.764062 0.785937 0.307812 
 0.823438 0.851562 0.307812 
 0.875000 0.896875 0.307812 
 0.106250 0.148438 0.306250 
 0.196875 0.218750 0.306250 
 0.276562 0.300000 0.306250 
 0.342187 0.364063 0.306250 
 0.523438 0.545312 0.306250 
 0.632812 0.656250 0.306250 
 0.698438 0.721875 0.306250 
 0.764062 0.785937 0.306250 
 0.823438 0.851562 0.306250 
 0.875000 0.896875 0.306250 
 0.106250 0.148438 0.304688 
 0.196875 0.218750 0.304688 
 0.276562 0.300000 0.304688 
 0.342187 0.364063 0.304688 
 0.523438 0.545312 0.304688 
 0.632812 0.656250 0.304688 
 0.698438 0.721875 0.304688 
 0.764062 0.785937 0.304688 
 0.823438 0.851562 0.304688 
 0.875000 0.896875 0.304688 
 0.098437 0.146875 0.303125 
 0.198437 0.218750 0.303125 
 0.276562 0.296875 0.303125 
 0.342187 0.364063 0.303125 
 0.523438 0.545312 0.303125 
 0.632812 0.656250 0.303125 
 0.698438 0.721875 0.303125 
 0.764062 0.785937 0.303125 
 0.823438 0.848437 0.303125 
 0.875000 0.896875 0.303125 
 0.098437 0.146875 0.301563 
 0.198437 0.218750 0.301563 
 0.276562 0.296875 0.301563 
 0.342187 0.364063 0.301563 
 0.523438 0.545312 0.301563 
 0.632812 0.656250 0.301563 
 0.698438 0.721875 0.301563 
 0.764062 0.785937 0.301563 
 0.823438 0.848437 0.301563 
 0.875000 0.896875 0.301563 
 0.098437 0.146875 0.300000 
 0.198437 0.218750 0.300000 
 0.276562 0.296875 0.300000 
 0.342187 0.364063 0.300000 
 0.523438 0.545312 0.300000 
 0.632812 0.656250 0.300000 
 0.698438 0.721875 0.300000 
 0.764062 0.785937 0.300000 
 0.823438 0.848437 0.300000 
 0.875000 0.896875 0.300000 
 0.089063 0.143750 0.298438 
 0.198437 0.221875 0.298438 
 0.275000 0.296875 0.298438 
 0.342187 0.364063 0.298438 
 0.523438 0.545312 0.298438 
 0.632812 0.656250 0.298438 
 0.698438 0.721875 0.298438 
 0.764062 0.785937 0.298438 
 0.821875 0.848437 0.298438 
 0.875000 0.896875 0.298438 
 0.089063 0.143750 0.296875 
 0.198437 0.221875 0.296875 
 0.275000 0.296875 0.296875 
 0.342187 0.364063 0.296875 
 0.523438 0.545312 0.296875 
 0.632812 0.656250 0.296875 
 0.698438 0.721875 0.296875 
 0.764062 0.785937 0.296875 
 0.821875 0.848437 0.296875 
 0.875000 0.896875 0.296875 
 0.089063 0.143750 0.295312 
 0.198437 0.221875 0.295312 
 0.275000 0.296875 0.295312 
 0.342187 0.364063 0.295312 
 0.523438 0.545312 0.295312 
 0.632812 0.656250 0.295312 
 0.698438 0.721875 0.295312 
 0.764062 0.785937 0.295312 
 0.821875 0.848437 0.295312 
 0.875000 0.896875 0.295312 
 0.078125 0.142187 0.293750 
 0.198437 0.221875 0.293750 
 0.275000 0.296875 0.293750 
 0.342187 0.364063 0.293750 
 0.523438 0.545312 0.293750 
 0.632812 0.656250 0.293750 
 0.698438 0.721875 0.293750 
 0.764062 0.785937 0.293750 
 0.818750 0.846875 0.293750 
 0.875000 0.896875 0.293750 
 0.078125 0.142187 0.292187 
 0.198437 0.221875 0.292187 
 0.275000 0.296875 0.292187 
 0.342187 0.364063 0.292187 
 0.523438 0.545312 0.292187 
 0.632812 0.656250 0.292187 
 0.698438 0.721875 0.292187 
 0.764062 0.785937 0.292187 
 0.818750 0.846875 0.292187 
 0.875000 0.896875 0.292187 
 0.078125 0.142187 0.290625 
 0.198437 0.221875 0.290625 
 0.275000 0.296875 0.290625 
 0.342187 0.364063 0.290625 
 0.523438 0.545312 0.290625 
 0.632812 0.656250 0.290625 
 0.698438 0.721875 0.290625 
 0.764062 0.785937 0.290625 
 0.818750 0.846875 0.290625 
 0.875000 0.896875 0.290625 
 0.068750 0.139063 0.289062 
 0.201563 0.221875 0.289062 
 0.275000 0.295312 0.289062 
 0.342187 0.364063 0.289062 
 0.523438 0.656250 0.289062 
 0.698438 0.721875 0.289062 
 0.764062 0.785937 0.289062 
 0.818750 0.843750 0.289062 
 0.875000 0.896875 0.289062 
 0.068750 0.139063 0.287500 
 0.201563 0.221875 0.287500 
 0.275000 0.295312 0.287500 
 0.342187 0.364063 0.287500 
 0.523438 0.656250 0.287500 
 0.698438 0.721875 0.287500 
 0.764062 0.785937 0.287500 
 0.818750 0.843750 0.287500 
 0.875000 0.896875 0.287500 
 0.068750 0.139063 0.285938 
 0.201563 0.221875 0.285938 
 0.275000 0.295312 0.285938 
 0.342187 0.364063 0.285938 
 0.523438 0.656250 0.285938 
 0.698438 0.721875 0.285938 
 0.764062 0.785937 0.285938 
 0.818750 0.843750 0.285938 
 0.875000 0.896875 0.285938 
 0.060937 0.135937 0.284375 
 0.201563 0.225000 0.284375 
 0.271875 0.295312 0.284375 
 0.342187 0.364063 0.284375 
 0.523438 0.656250 0.284375 
 0.698438 0.721875 0.284375 
 0.764062 0.785937 0.284375 
 0.817187 0.843750 0.284375 
 0.875000 0.896875 0.284375 
 0.060937 0.135937 0.282813 
 0.201563 0.225000 0.282813 
 0.271875 0.295312 0.282813 
 0.342187 0.364063 0.282813 
 0.523438 0.656250 0.282813 
 0.698438 0.721875 0.282813 
 0.764062 0.785937 0.282813 
 0.817187 0.843750 0.282813 
 0.875000 0.896875 0.282813 
 0.060937 0.135937 0.281250 
 0.201563 0.225000 0.281250 
 0.271875 0.295312 0.281250 
 0.342187 0.364063 0.281250 
 0.523438 0.656250 0.281250 
 0.698438 0.721875 0.281250 
 0.764062 0.785937 0.281250 
 0.817187 0.843750 0.281250 
 0.875000 0.896875 0.281250 
 0.056250 0.131250 0.279687 
 0.204687 0.225000 0.279687 
 0.271875 0.292187 0.279687 
 0.342187 0.364063 0.279687 
 0.523438 0.656250 0.279687 
 0.698438 0.721875 0.279687 
 0.764062 0.785937 0.279687 
 0.817187 0.842187 0.279687 
 0.875000 0.896875 0.279687 
 0.056250 0.131250 0.278125 
 0.204687 0.225000 0.278125 
 0.271875 0.292187 0.278125 
 0.342187 0.364063 0.278125 
 0.523438 0.656250 0.278125 
 0.698438 0.721875 0.278125 
 0.764062 0.785937 0.278125 
 0.817187 0.842187 0.278125 
 0.875000 0.896875 0.278125 
 0.056250 0.131250 0.276562 
 0.204687 0.225000 0.276562 
 0.271875 0.292187 0.276562 
 0.342187 0.364063 0.276562 
 0.523438 0.656250 0.276562 
 0.698438 0.721875 0.276562 
 0.764062 0.785937 0.276562 
 0.817187 0.842187 0.276562 
 0.875000 0.896875 0.276562 
 0.051562 0.126562 0.275000 
 0.204687 0.225000 0.275000 
 0.271875 0.292187 0.275000 
 0.342187 0.364063 0.275000 
 0.523438 0.656250 0.275000 
 0.698438 0.721875 0.275000 
 0.764062 0.785937 0.275000 
 0.814063 0.842187 0.275000 
 0.875000 0.896875 0.275000 
 0.051562 0.126562 0.273438 
 0.204687 0.225000 0.273438 
 0.271875 0.292187 0.273438 
 0.342187 0.364063 0.273438 
 0.523438 0.656250 0.273438 
 0.698438 0.721875 0.273438 
 0.764062 0.785937 0.273438 
 0.814063 0.842187 0.273438 
 0.875000 0.896875 0.273438 
 0.051562 0.126562 0.271875 
 0.204687 0.225000 0.271875 
 0.271875 0.292187 0.271875 
 0.342187 0.364063 0.271875 
 0.523438 0.656250 0.271875 
 0.698438 0.721875 0.271875 
 0.764062 0.785937 0.271875 
 0.814063 0.842187 0.271875 
 0.875000 0.896875 0.271875 
 0.045312 0.118750 0.270313 
 0.204687 0.226562 0.270313 
 0.268750 0.292187 0.270313 
 0.342187 0.364063 0.270313 
 0.523438 0.656250 0.270313 
 0.698438 0.721875 0.270313 
 0.764062 0.785937 0.270313 
 0.810937 0.839063 0.270313 
 0.875000 0.896875 0.270313 
 0.045312 0.118750 0.268750 
 0.204687 0.226562 0.268750 
 0.268750 0.292187 0.268750 
 0.342187 0.364063 0.268750 
 0.523438 0.656250 0.268750 
 0.698438 0.721875 0.268750 
 0.764062 0.785937 0.268750 
 0.810937 0.839063 0.268750 
 0.875000 0.896875 0.268750 
 0.045312 0.118750 0.267188 
 0.204687 0.226562 0.267188 
 0.268750 0.292187 0.267188 
 0.342187 0.364063 0.267188 
 0.523438 0.656250 0.267188 
 0.698438 0.721875 0.267188 
 0.764062 0.785937 0.267188 
 0.810937 0.839063 0.267188 
 0.875000 0.896875 0.267188 
 0.043750 0.110937 0.265625 
 0.206250 0.226562 0.265625 
 0.268750 0.289062 0.265625 
 0.342187 0.364063 0.265625 
 0.523438 0.656250 0.265625 
 0.698438 0.721875 0.265625 
 0.764062 0.785937 0.265625 
 0.810937 0.835938 0.265625 
 0.875000 0.896875 0.265625 
 0.043750 0.110937 0.264062 
 0.206250 0.226562 0.264062 
 0.268750 0.289062 0.264062 
 0.342187 0.364063 0.264062 
 0.523438 0.656250 0.264062 
 0.698438 0.721875 0.264062 
 0.764062 0.785937 0.264062 
 0.810937 0.835938 0.264062 
 0.875000 0.896875 0.264062 
 0.043750 0.110937 0.262500 
 0.206250 0.226562 0.262500 
 0.268750 0.289062 0.262500 
 0.342187 0.364063 0.262500 
 0.523438 0.656250 0.262500 
 0.698438 0.721875 0.262500 
 0.764062 0.785937 0.262500 
 0.810937 0.835938 0.262500 
 0.875000 0.896875 0.262500 
 0.040625 0.101562 0.260937 
 0.206250 0.229687 0.260937 
 0.267188 0.289062 0.260937 
 0.342187 0.364063 0.260937 
 0.523438 0.656250 0.260937 
 0.698438 0.721875 0.260937 
 0.764062 0.785937 0.260937 
 0.809375 0.835938 0.260937 
 0.875000 0.896875 0.260937 
 0.040625 0.101562 0.259375 
 0.206250 0.229687 0.259375 
 0.267188 0.289062 0.259375 
 0.342187 0.364063 0.259375 
 0.523438 0.656250 0.259375 
 0.698438 0.721875 0.259375 
 0.764062 0.785937 0.259375 
 0.809375 0.835938 0.259375 
 0.875000 0.896875 0.259375 
 0.040625 0.101562 0.257812 
 0.206250 0.229687 0.257812 
 0.267188 0.289062 0.257812 
 0.342187 0.364063 0.257812 
 0.523438 0.656250 0.257812 
 0.698438 0.721875 0.257812 
 0.764062 0.785937 0.257812 
 0.809375 0.835938 0.257812 
 0.875000 0.896875 0.257812 
 0.040625 0.101562 0.256250 
 0.206250 0.229687 0.256250 
 0.267188 0.289062 0.256250 
 0.342187 0.364063 0.256250 
 0.523438 0.656250 0.256250 
 0.698438 0.721875 0.256250 
 0.764062 0.785937 0.256250 
 0.809375 0.835938 0.256250 
 0.875000 0.896875 0.256250 
 0.039062 0.090625 0.254688 
 0.209375 0.229687 0.254688 
 0.267188 0.287500 0.254688 
 0.342187 0.364063 0.254688 
 0.523438 0.656250 0.254688 
 0.698438 0.721875 0.254688 
 0.764062 0.785937 0.254688 
 0.806250 0.834375 0.254688 
 0.875000 0.896875 0.254688 
 0.039062 0.090625 0.253125 
 0.209375 0.229687 0.253125 
 0.267188 0.287500 0.253125 
 0.342187 0.364063 0.253125 
 0.523438 0.656250 0.253125 
 0.698438 0.721875 0.253125 
 0.764062 0.785937 0.253125 
 0.806250 0.834375 0.253125 
 0.875000 0.896875 0.253125 
 0.039062 0.090625 0.251563 
 0.209375 0.229687 0.251563 
 0.267188 0.287500 0.251563 
 0.342187 0.364063 0.251563 
 0.523438 0.656250 0.251563 
 0.698438 0.721875 0.251563 
 0.764062 0.785937 0.251563 
 0.806250 0.834375 0.251563 
 0.875000 0.896875 0.251563 
 0.035937 0.081250 0.250000 
 0.209375 0.229687 0.250000 
 0.267188 0.287500 0.250000 
 0.342187 0.364063 0.250000 
 0.523438 0.545312 0.250000 
 0.632812 0.656250 0.250000 
 0.698438 0.721875 0.250000 
 0.764062 0.785937 0.250000 
 0.806250 0.831250 0.250000 
 0.875000 0.896875 0.250000 
 0.035937 0.081250 0.248438 
 0.209375 0.229687 0.248438 
 0.267188 0.287500 0.248438 
 0.342187 0.364063 0.248438 
 0.523438 0.545312 0.248438 
 0.632812 0.656250 0.248438 
 0.698438 0.721875 0.248438 
 0.764062 0.785937 0.248438 
 0.806250 0.831250 0.248438 
 0.875000 0.896875 0.248438 
 0.035937 0.081250 0.246875 
 0.209375 0.229687 0.246875 
 0.267188 0.287500 0.246875 
 0.342187 0.364063 0.246875 
 0.523438 0.545312 0.246875 
 0.632812 0.656250 0.246875 
 0.698438 0.721875 0.246875 
 0.764062 0.785937 0.246875 
 0.806250 0.831250 0.246875 
 0.875000 0.896875 0.246875 
 0.032813 0.073438 0.245312 
 0.209375 0.231250 0.245312 
 0.264062 0.287500 0.245312 
 0.345313 0.367188 0.245312 
 0.523438 0.545312 0.245312 
 0.632812 0.656250 0.245312 
 0.698438 0.721875 0.245312 
 0.764062 0.785937 0.245312 
 0.804688 0.831250 0.245312 
 0.875000 0.896875 0.245312 
 0.032813 0.073438 0.243750 
 0.209375 0.231250 0.243750 
 0.264062 0.287500 0.243750 
 0.345313 0.367188 0.243750 
 0.523438 0.545312 0.243750 
 0.632812 0.656250 0.243750 
 0.698438 0.721875 0.243750 
 0.764062 0.785937 0.243750 
 0.804688 0.831250 0.243750 
 0.875000 0.896875 0.243750 
 0.032813 0.073438 0.242188 
 0.209375 0.231250 0.242188 
 0.264062 0.287500 0.242188 
 0.345313 0.367188 0.242188 
 0.523438 0.545312 0.242188 
 0.632812 0.656250 0.242188 
 0.698438 0.721875 0.242188 
 0.764062 0.785937 0.242188 
 0.804688 0.831250 0.242188 
 0.875000 0.896875 0.242188 
 0.032813 0.065625 0.240625 
 0.210938 0.231250 0.240625 
 0.264062 0.284375 0.240625 
 0.345313 0.367188 0.240625 
 0.523438 0.545312 0.240625 
 0.632812 0.656250 0.240625 
 0.698438 0.721875 0.240625 
 0.764062 0.785937 0.240625 
 0.801562 0.829688 0.240625 
 0.875000 0.896875 0.240625 
 0.032813 0.065625 0.239063 
 0.210938 0.231250 0.239063 
 0.264062 0.284375 0.239063 
 0.345313 0.367188 0.239063 
 0.523438 0.545312 0.239063 
 0.632812 0.656250 0.239063 
 0.698438 0.721875 0.239063 
 0.764062 0.785937 0.239063 
 0.801562 0.829688 0.239063 
 0.875000 0.896875 0.239063 
 0.032813 0.065625 0.237500 
 0.210938 0.231250 0.237500 
 0.264062 0.284375 0.237500 
 0.345313 0.367188 0.237500 
 0.523438 0.545312 0.237500 
 0.632812 0.656250 0.237500 
 0.698438 0.721875 0.237500 
 0.764062 0.785937 0.237500 
 0.801562 0.829688 0.237500 
 0.875000 0.896875 0.237500 
 0.031250 0.060937 0.235937 
 0.210938 0.231250 0.235937 
 0.264062 0.284375 0.235937 
 0.345313 0.367188 0.235937 
 0.523438 0.545312 0.235937 
 0.632812 0.656250 0.235937 
 0.698438 0.721875 0.235937 
 0.764062 0.785937 0.235937 
 0.801562 0.826562 0.235937 
 0.875000 0.896875 0.235937 
 0.031250 0.060937 0.234375 
 0.210938 0.231250 0.234375 
 0.264062 0.284375 0.234375 
 0.345313 0.367188 0.234375 
 0.523438 0.545312 0.234375 
 0.632812 0.656250 0.234375 
 0.698438 0.721875 0.234375 
 0.764062 0.785937 0.234375 
 0.801562 0.826562 0.234375 
 0.875000 0.896875 0.234375 
 0.031250 0.060937 0.232813 
 0.210938 0.231250 0.232813 
 0.264062 0.284375 0.232813 
 0.345313 0.367188 0.232813 
 0.523438 0.545312 0.232813 
 0.632812 0.656250 0.232813 
 0.698438 0.721875 0.232813 
 0.764062 0.785937 0.232813 
 0.801562 0.826562 0.232813 
 0.875000 0.896875 0.232813 
 0.031250 0.059375 0.231250 
 0.214062 0.234375 0.231250 
 0.262500 0.281250 0.231250 
 0.345313 0.367188 0.231250 
 0.523438 0.545312 0.231250 
 0.632812 0.656250 0.231250 
 0.698438 0.721875 0.231250 
 0.764062 0.785937 0.231250 
 0.798438 0.826562 0.231250 
 0.875000 0.896875 0.231250 
 0.031250 0.059375 0.229687 
 0.214062 0.234375 0.229687 
 0.262500 0.281250 0.229687 
 0.345313 0.367188 0.229687 
 0.523438 0.545312 0.229687 
 0.632812 0.656250 0.229687 
 0.698438 0.721875 0.229687 
 0.764062 0.785937 0.229687 
 0.798438 0.826562 0.229687 
 0.875000 0.896875 0.229687 
 0.031250 0.059375 0.228125 
 0.214062 0.234375 0.228125 
 0.262500 0.281250 0.228125 
 0.345313 0.367188 0.228125 
 0.523438 0.545312 0.228125 
 0.632812 0.656250 0.228125 
 0.698438 0.721875 0.228125 
 0.764062 0.785937 0.228125 
 0.798438 0.826562 0.228125 
 0.875000 0.896875 0.228125 
 0.031250 0.056250 0.226562 
 0.214062 0.234375 0.226562 
 0.262500 0.281250 0.226562 
 0.345313 0.370312 0.226562 
 0.523438 0.545312 0.226562 
 0.632812 0.656250 0.226562 
 0.698438 0.721875 0.226562 
 0.764062 0.785937 0.226562 
 0.796875 0.823438 0.226562 
 0.875000 0.896875 0.226562 
 0.031250 0.056250 0.225000 
 0.214062 0.234375 0.225000 
 0.262500 0.281250 0.225000 
 0.345313 0.370312 0.225000 
 0.523438 0.545312 0.225000 
 0.632812 0.656250 0.225000 
 0.698438 0.721875 0.225000 
 0.764062 0.785937 0.225000 
 0.796875 0.823438 0.225000 
 0.875000 0.896875 0.225000 
 0.031250 0.056250 0.223438 
 0.214062 0.234375 0.223438 
 0.262500 0.281250 0.223438 
 0.345313 0.370312 0.223438 
 0.523438 0.545312 0.223438 
 0.632812 0.656250 0.223438 
 0.698438 0.721875 0.223438 
 0.764062 0.785937 0.223438 
 0.796875 0.823438 0.223438 
 0.875000 0.896875 0.223438 
 0.028125 0.053125 0.221875 
 0.214062 0.237500 0.221875 
 0.259375 0.281250 0.221875 
 0.346875 0.370312 0.221875 
 0.523438 0.545312 0.221875 
 0.632812 0.656250 0.221875 
 0.698438 0.721875 0.221875 
 0.764062 0.785937 0.221875 
 0.796875 0.821875 0.221875 
 0.875000 0.896875 0.221875 
 0.028125 0.053125 0.220312 
 0.214062 0.237500 0.220312 
 0.259375 0.281250 0.220312 
 0.346875 0.370312 0.220312 
 0.523438 0.545312 0.220312 
 0.632812 0.656250 0.220312 
 0.698438 0.721875 0.220312 
 0.764062 0.785937 0.220312 
 0.796875 0.821875 0.220312 
 0.875000 0.896875 0.220312 
 0.028125 0.053125 0.218750 
 0.214062 0.237500 0.218750 
 0.259375 0.281250 0.218750 
 0.346875 0.370312 0.218750 
 0.523438 0.545312 0.218750 
 0.632812 0.656250 0.218750 
 0.698438 0.721875 0.218750 
 0.764062 0.785937 0.218750 
 0.796875 0.821875 0.218750 
 0.875000 0.896875 0.218750 
 0.028125 0.053125 0.217188 
 0.217188 0.237500 0.217188 
 0.259375 0.279687 0.217188 
 0.346875 0.370312 0.217188 
 0.462500 0.470313 0.217188 
 0.523438 0.545312 0.217188 
 0.632812 0.656250 0.217188 
 0.698438 0.721875 0.217188 
 0.764062 0.785937 0.217188 
 0.793750 0.821875 0.217188 
 0.875000 0.896875 0.217188 
 0.028125 0.053125 0.215625 
 0.217188 0.237500 0.215625 
 0.259375 0.279687 0.215625 
 0.346875 0.370312 0.215625 
 0.462500 0.470313 0.215625 
 0.523438 0.545312 0.215625 
 0.632812 0.656250 0.215625 
 0.698438 0.721875 0.215625 
 0.764062 0.785937 0.215625 
 0.793750 0.821875 0.215625 
 0.875000 0.896875 0.215625 
 0.028125 0.053125 0.214062 
 0.217188 0.237500 0.214062 
 0.259375 0.279687 0.214062 
 0.346875 0.370312 0.214062 
 0.462500 0.470313 0.214062 
 0.523438 0.545312 0.214062 
 0.632812 0.656250 0.214062 
 0.698438 0.721875 0.214062 
 0.764062 0.785937 0.214062 
 0.793750 0.821875 0.214062 
 0.875000 0.896875 0.214062 
 0.028125 0.051562 0.212500 
 0.128125 0.151562 0.212500 
 0.217188 0.237500 0.212500 
 0.259375 0.279687 0.212500 
 0.346875 0.371875 0.212500 
 0.460938 0.479687 0.212500 
 0.523438 0.545312 0.212500 
 0.632812 0.656250 0.212500 
 0.698438 0.721875 0.212500 
 0.764062 0.785937 0.212500 
 0.793750 0.818750 0.212500 
 0.875000 0.896875 0.212500 
 0.028125 0.051562 0.210938 
 0.128125 0.151562 0.210938 
 0.217188 0.237500 0.210938 
 0.259375 0.279687 0.210938 
 0.346875 0.371875 0.210938 
 0.460938 0.479687 0.210938 
 0.523438 0.545312 0.210938 
 0.632812 0.656250 0.210938 
 0.698438 0.721875 0.210938 
 0.764062 0.785937 0.210938 
 0.793750 0.818750 0.210938 
 0.875000 0.896875 0.210938 
 0.028125 0.051562 0.209375 
 0.128125 0.151562 0.209375 
 0.217188 0.237500 0.209375 
 0.259375 0.279687 0.209375 
 0.346875 0.371875 0.209375 
 0.460938 0.479687 0.209375 
 0.523438 0.545312 0.209375 
 0.632812 0.656250 0.209375 
 0.698438 0.721875 0.209375 
 0.764062 0.785937 0.209375 
 0.793750 0.818750 0.209375 
 0.875000 0.896875 0.209375 
 0.028125 0.051562 0.207813 
 0.128125 0.151562 0.207813 
 0.218750 0.239063 0.207813 
 0.256250 0.276562 0.207813 
 0.350000 0.371875 0.207813 
 0.460938 0.485938 0.207813 
 0.523438 0.545312 0.207813 
 0.632812 0.656250 0.207813 
 0.698438 0.721875 0.207813 
 0.764062 0.785937 0.207813 
 0.792188 0.818750 0.207813 
 0.875000 0.896875 0.207813 
 0.028125 0.051562 0.206250 
 0.128125 0.151562 0.206250 
 0.218750 0.239063 0.206250 
 0.256250 0.276562 0.206250 
 0.350000 0.371875 0.206250 
 0.460938 0.485938 0.206250 
 0.523438 0.545312 0.206250 
 0.632812 0.656250 0.206250 
 0.698438 0.721875 0.206250 
 0.764062 0.785937 0.206250 
 0.792188 0.818750 0.206250 
 0.875000 0.896875 0.206250 
 0.028125 0.051562 0.204687 
 0.128125 0.151562 0.204687 
 0.218750 0.239063 0.204687 
 0.256250 0.276562 0.204687 
 0.350000 0.371875 0.204687 
 0.460938 0.485938 0.204687 
 0.523438 0.545312 0.204687 
 0.632812 0.656250 0.204687 
 0.698438 0.721875 0.204687 
 0.764062 0.785937 0.204687 
 0.792188 0.818750 0.204687 
 0.875000 0.896875 0.204687 
 0.028125 0.051562 0.203125 
 0.128125 0.151562 0.203125 
 0.218750 0.239063 0.203125 
 0.256250 0.276562 0.203125 
 0.350000 0.371875 0.203125 
 0.460938 0.485938 0.203125 
 0.523438 0.545312 0.203125 
 0.632812 0.656250 0.203125 
 0.698438 0.721875 0.203125 
 0.764062 0.785937 0.203125 
 0.789062 0.817187 0.203125 
 0.875000 0.896875 0.203125 
 0.028125 0.051562 0.201563 
 0.128125 0.151562 0.201563 
 0.218750 0.239063 0.201563 
 0.256250 0.276562 0.201563 
 0.350000 0.371875 0.201563 
 0.460938 0.485938 0.201563 
 0.523438 0.545312 0.201563 
 0.632812 0.656250 0.201563 
 0.698438 0.721875 0.201563 
 0.764062 0.785937 0.201563 
 0.789062 0.817187 0.201563 
 0.875000 0.896875 0.201563 
 0.028125 0.051562 0.200000 
 0.128125 0.151562 0.200000 
 0.218750 0.239063 0.200000 
 0.256250 0.276562 0.200000 
 0.350000 0.371875 0.200000 
 0.460938 0.485938 0.200000 
 0.523438 0.545312 0.200000 
 0.632812 0.656250 0.200000 
 0.698438 0.721875 0.200000 
 0.764062 0.785937 0.200000 
 0.789062 0.817187 0.200000 
 0.875000 0.896875 0.200000 
 0.028125 0.051562 0.198437 
 0.126562 0.151562 0.198437 
 0.218750 0.239063 0.198437 
 0.256250 0.276562 0.198437 
 0.350000 0.375000 0.198437 
 0.457813 0.482812 0.198437 
 0.523438 0.545312 0.198437 
 0.632812 0.656250 0.198437 
 0.698438 0.721875 0.198437 
 0.764062 0.785937 0.198437 
 0.789062 0.814063 0.198437 
 0.875000 0.896875 0.198437 
 0.028125 0.051562 0.196875 
 0.126562 0.151562 0.196875 
 0.218750 0.239063 0.196875 
 0.256250 0.276562 0.196875 
 0.350000 0.375000 0.196875 
 0.457813 0.482812 0.196875 
 0.523438 0.545312 0.196875 
 0.632812 0.656250 0.196875 
 0.698438 0.721875 0.196875 
 0.764062 0.785937 0.196875 
 0.789062 0.814063 0.196875 
 0.875000 0.896875 0.196875 
 0.028125 0.051562 0.195312 
 0.126562 0.151562 0.195312 
 0.218750 0.239063 0.195312 
 0.256250 0.276562 0.195312 
 0.350000 0.375000 0.195312 
 0.457813 0.482812 0.195312 
 0.523438 0.545312 0.195312 
 0.632812 0.656250 0.195312 
 0.698438 0.721875 0.195312 
 0.764062 0.785937 0.195312 
 0.789062 0.814063 0.195312 
 0.875000 0.896875 0.195312 
 0.028125 0.051562 0.193750 
 0.126562 0.148438 0.193750 
 0.221875 0.242188 0.193750 
 0.254688 0.275000 0.193750 
 0.351562 0.378125 0.193750 
 0.457813 0.482812 0.193750 
 0.523438 0.545312 0.193750 
 0.632812 0.656250 0.193750 
 0.698438 0.721875 0.193750 
 0.764062 0.814063 0.193750 
 0.875000 0.896875 0.193750 
 0.028125 0.051562 0.192188 
 0.126562 0.148438 0.192188 
 0.221875 0.242188 0.192188 
 0.254688 0.275000 0.192188 
 0.351562 0.378125 0.192188 
 0.457813 0.482812 0.192188 
 0.523438 0.545312 0.192188 
 0.632812 0.656250 0.192188 
 0.698438 0.721875 0.192188 
 0.764062 0.814063 0.192188 
 0.875000 0.896875 0.192188 
 0.028125 0.051562 0.190625 
 0.126562 0.148438 0.190625 
 0.221875 0.242188 0.190625 
 0.254688 0.275000 0.190625 
 0.351562 0.378125 0.190625 
 0.457813 0.482812 0.190625 
 0.523438 0.545312 0.190625 
 0.632812 0.656250 0.190625 
 0.698438 0.721875 0.190625 
 0.764062 0.814063 0.190625 
 0.875000 0.896875 0.190625 
 0.028125 0.051562 0.189062 
 0.126562 0.148438 0.189062 
 0.221875 0.242188 0.189062 
 0.254688 0.275000 0.189062 
 0.351562 0.378125 0.189062 
 0.457813 0.482812 0.189062 
 0.523438 0.545312 0.189062 
 0.632812 0.656250 0.189062 
 0.698438 0.721875 0.189062 
 0.764062 0.814063 0.189062 
 0.875000 0.896875 0.189062 
 0.028125 0.051562 0.187500 
 0.126562 0.148438 0.187500 
 0.221875 0.242188 0.187500 
 0.254688 0.275000 0.187500 
 0.351562 0.378125 0.187500 
 0.454688 0.479687 0.187500 
 0.523438 0.545312 0.187500 
 0.632812 0.656250 0.187500 
 0.698438 0.721875 0.187500 
 0.764062 0.810937 0.187500 
 0.875000 0.896875 0.187500 
 0.028125 0.051562 0.185938 
 0.126562 0.148438 0.185938 
 0.221875 0.242188 0.185938 
 0.254688 0.275000 0.185938 
 0.351562 0.378125 0.185938 
 0.454688 0.479687 0.185938 
 0.523438 0.545312 0.185938 
 0.632812 0.656250 0.185938 
 0.698438 0.721875 0.185938 
 0.764062 0.810937 0.185938 
 0.875000 0.896875 0.185938 
 0.028125 0.051562 0.184375 
 0.126562 0.148438 0.184375 
 0.221875 0.242188 0.184375 
 0.254688 0.275000 0.184375 
 0.351562 0.378125 0.184375 
 0.454688 0.479687 0.184375 
 0.523438 0.545312 0.184375 
 0.632812 0.656250 0.184375 
 0.698438 0.721875 0.184375 
 0.764062 0.810937 0.184375 
 0.875000 0.896875 0.184375 
 0.031250 0.053125 0.182812 
 0.123438 0.148438 0.182812 
 0.225000 0.242188 0.182812 
 0.254688 0.271875 0.182812 
 0.354687 0.379688 0.182812 
 0.453125 0.479687 0.182812 
 0.523438 0.545312 0.182812 
 0.632812 0.656250 0.182812 
 0.698438 0.721875 0.182812 
 0.764062 0.809375 0.182812 
 0.875000 0.896875 0.182812 
 0.031250 0.053125 0.181250 
 0.123438 0.148438 0.181250 
 0.225000 0.242188 0.181250 
 0.254688 0.271875 0.181250 
 0.354687 0.379688 0.181250 
 0.453125 0.479687 0.181250 
 0.523438 0.545312 0.181250 
 0.632812 0.656250 0.181250 
 0.698438 0.721875 0.181250 
 0.764062 0.809375 0.181250 
 0.875000 0.896875 0.181250 
 0.031250 0.053125 0.179688 
 0.123438 0.148438 0.179688 
 0.225000 0.242188 0.179688 
 0.254688 0.271875 0.179688 
 0.354687 0.379688 0.179688 
 0.453125 0.479687 0.179688 
 0.523438 0.545312 0.179688 
 0.632812 0.656250 0.179688 
 0.698438 0.721875 0.179688 
 0.764062 0.809375 0.179688 
 0.875000 0.896875 0.179688 
 0.031250 0.053125 0.178125 
 0.121875 0.146875 0.178125 
 0.225000 0.243750 0.178125 
 0.251563 0.271875 0.178125 
 0.354687 0.382812 0.178125 
 0.453125 0.478125 0.178125 
 0.523438 0.545312 0.178125 
 0.632812 0.656250 0.178125 
 0.698438 0.721875 0.178125 
 0.764062 0.809375 0.178125 
 0.875000 0.896875 0.178125 
 0.031250 0.053125 0.176563 
 0.121875 0.146875 0.176563 
 0.225000 0.243750 0.176563 
 0.251563 0.271875 0.176563 
 0.354687 0.382812 0.176563 
 0.453125 0.478125 0.176563 
 0.523438 0.545312 0.176563 
 0.632812 0.656250 0.176563 
 0.698438 0.721875 0.176563 
 0.764062 0.809375 0.176563 
 0.875000 0.896875 0.176563 
 0.031250 0.053125 0.175000 
 0.121875 0.146875 0.175000 
 0.225000 0.243750 0.175000 
 0.251563 0.271875 0.175000 
 0.354687 0.382812 0.175000 
 0.453125 0.478125 0.175000 
 0.523438 0.545312 0.175000 
 0.632812 0.656250 0.175000 
 0.698438 0.721875 0.175000 
 0.764062 0.809375 0.175000 
 0.875000 0.896875 0.175000 
 0.031250 0.056250 0.173437 
 0.121875 0.146875 0.173437 
 0.225000 0.243750 0.173437 
 0.251563 0.271875 0.173437 
 0.357812 0.384375 0.173437 
 0.450000 0.478125 0.173437 
 0.523438 0.545312 0.173437 
 0.632812 0.656250 0.173437 
 0.698438 0.721875 0.173437 
 0.764062 0.806250 0.173437 
 0.875000 0.896875 0.173437 
 0.031250 0.056250 0.171875 
 0.121875 0.146875 0.171875 
 0.225000 0.243750 0.171875 
 0.251563 0.271875 0.171875 
 0.357812 0.384375 0.171875 
 0.450000 0.478125 0.171875 
 0.523438 0.545312 0.171875 
 0.632812 0.656250 0.171875 
 0.698438 0.721875 0.171875 
 0.764062 0.806250 0.171875 
 0.875000 0.896875 0.171875 
 0.031250 0.056250 0.170313 
 0.121875 0.146875 0.170313 
 0.225000 0.243750 0.170313 
 0.251563 0.271875 0.170313 
 0.357812 0.384375 0.170313 
 0.450000 0.478125 0.170313 
 0.523438 0.545312 0.170313 
 0.632812 0.656250 0.170313 
 0.698438 0.721875 0.170313 
 0.764062 0.806250 0.170313 
 0.875000 0.896875 0.170313 
 0.032813 0.059375 0.168750 
 0.118750 0.146875 0.168750 
 0.226562 0.246875 0.168750 
 0.250000 0.268750 0.168750 
 0.359375 0.387500 0.168750 
 0.446875 0.475000 0.168750 
 0.523438 0.545312 0.168750 
 0.632812 0.656250 0.168750 
 0.698438 0.721875 0.168750 
 0.764062 0.804688 0.168750 
 0.875000 0.896875 0.168750 
 0.032813 0.059375 0.167187 
 0.118750 0.146875 0.167187 
 0.226562 0.246875 0.167187 
 0.250000 0.268750 0.167187 
 0.359375 0.387500 0.167187 
 0.446875 0.475000 0.167187 
 0.523438 0.545312 0.167187 
 0.632812 0.656250 0.167187 
 0.698438 0.721875 0.167187 
 0.764062 0.804688 0.167187 
 0.875000 0.896875 0.167187 
 0.032813 0.059375 0.165625 
 0.118750 0.146875 0.165625 
 0.226562 0.246875 0.165625 
 0.250000 0.268750 0.165625 
 0.359375 0.387500 0.165625 
 0.446875 0.475000 0.165625 
 0.523438 0.545312 0.165625 
 0.632812 0.656250 0.165625 
 0.698438 0.721875 0.165625 
 0.764062 0.804688 0.165625 
 0.875000 0.896875 0.165625 
 0.032813 0.060937 0.164062 
 0.114062 0.143750 0.164062 
 0.226562 0.246875 0.164062 
 0.250000 0.268750 0.164062 
 0.362500 0.392188 0.164062 
 0.442188 0.475000 0.164062 
 0.523438 0.545312 0.164062 
 0.632812 0.656250 0.164062 
 0.698438 0.721875 0.164062 
 0.764062 0.804688 0.164062 
 0.875000 0.896875 0.164062 
 0.032813 0.060937 0.162500 
 0.114062 0.143750 0.162500 
 0.226562 0.246875 0.162500 
 0.250000 0.268750 0.162500 
 0.362500 0.392188 0.162500 
 0.442188 0.475000 0.162500 
 0.523438 0.545312 0.162500 
 0.632812 0.656250 0.162500 
 0.698438 0.721875 0.162500 
 0.764062 0.804688 0.162500 
 0.875000 0.896875 0.162500 
 0.032813 0.060937 0.160938 
 0.114062 0.143750 0.160938 
 0.226562 0.246875 0.160938 
 0.250000 0.268750 0.160938 
 0.362500 0.392188 0.160938 
 0.442188 0.475000 0.160938 
 0.523438 0.545312 0.160938 
 0.632812 0.656250 0.160938 
 0.698438 0.721875 0.160938 
 0.764062 0.804688 0.160938 
 0.875000 0.896875 0.160938 
 0.035937 0.065625 0.159375 
 0.110937 0.142187 0.159375 
 0.229687 0.246875 0.159375 
 0.250000 0.267188 0.159375 
 0.362500 0.396875 0.159375 
 0.437500 0.473438 0.159375 
 0.523438 0.545312 0.159375 
 0.632812 0.656250 0.159375 
 0.698438 0.721875 0.159375 
 0.764062 0.801562 0.159375 
 0.875000 0.896875 0.159375 
 0.035937 0.065625 0.157812 
 0.110937 0.142187 0.157812 
 0.229687 0.246875 0.157812 
 0.250000 0.267188 0.157812 
 0.362500 0.396875 0.157812 
 0.437500 0.473438 0.157812 
 0.523438 0.545312 0.157812 
 0.632812 0.656250 0.157812 
 0.698438 0.721875 0.157812 
 0.764062 0.801562 0.157812 
 0.875000 0.896875 0.157812 
 0.035937 0.065625 0.156250 
 0.110937 0.142187 0.156250 
 0.229687 0.246875 0.156250 
 0.250000 0.267188 0.156250 
 0.362500 0.396875 0.156250 
 0.437500 0.473438 0.156250 
 0.523438 0.545312 0.156250 
 0.632812 0.656250 0.156250 
 0.698438 0.721875 0.156250 
 0.764062 0.801562 0.156250 
 0.875000 0.896875 0.156250 
 0.035937 0.073438 0.154688 
 0.101562 0.142187 0.154688 
 0.229687 0.267188 0.154688 
 0.364063 0.404687 0.154688 
 0.429688 0.470313 0.154688 
 0.523438 0.545312 0.154688 
 0.632812 0.656250 0.154688 
 0.698438 0.721875 0.154688 
 0.764062 0.798438 0.154688 
 0.875000 0.896875 0.154688 
 0.035937 0.073438 0.153125 
 0.101562 0.142187 0.153125 
 0.229687 0.267188 0.153125 
 0.364063 0.404687 0.153125 
 0.429688 0.470313 0.153125 
 0.523438 0.545312 0.153125 
 0.632812 0.656250 0.153125 
 0.698438 0.721875 0.153125 
 0.764062 0.798438 0.153125 
 0.875000 0.896875 0.153125 
 0.035937 0.073438 0.151562 
 0.101562 0.142187 0.151562 
 0.229687 0.267188 0.151562 
 0.364063 0.404687 0.151562 
 0.429688 0.470313 0.151562 
 0.523438 0.545312 0.151562 
 0.632812 0.656250 0.151562 
 0.698438 0.721875 0.151562 
 0.764062 0.798438 0.151562 
 0.875000 0.896875 0.151562 
 0.039062 0.139063 0.150000 
 0.229687 0.267188 0.150000 
 0.367188 0.467187 0.150000 
 0.523438 0.545312 0.150000 
 0.632812 0.656250 0.150000 
 0.698438 0.721875 0.150000 
 0.764062 0.798438 0.150000 
 0.875000 0.896875 0.150000 
 0.039062 0.139063 0.148438 
 0.229687 0.267188 0.148438 
 0.367188 0.467187 0.148438 
 0.523438 0.545312 0.148438 
 0.632812 0.656250 0.148438 
 0.698438 0.721875 0.148438 
 0.764062 0.798438 0.148438 
 0.875000 0.896875 0.148438 
 0.039062 0.139063 0.146875 
 0.229687 0.267188 0.146875 
 0.367188 0.467187 0.146875 
 0.523438 0.545312 0.146875 
 0.632812 0.656250 0.146875 
 0.698438 0.721875 0.146875 
 0.764062 0.798438 0.146875 
 0.875000 0.896875 0.146875 
 0.040625 0.135937 0.145313 
 0.231250 0.264062 0.145313 
 0.371875 0.465625 0.145313 
 0.523438 0.545312 0.145313 
 0.632812 0.656250 0.145313 
 0.698438 0.721875 0.145313 
 0.764062 0.796875 0.145313 
 0.875000 0.896875 0.145313 
 0.040625 0.135937 0.143750 
 0.231250 0.264062 0.143750 
 0.371875 0.465625 0.143750 
 0.523438 0.545312 0.143750 
 0.632812 0.656250 0.143750 
 0.698438 0.721875 0.143750 
 0.764062 0.796875 0.143750 
 0.875000 0.896875 0.143750 
 0.040625 0.135937 0.142187 
 0.231250 0.264062 0.142187 
 0.371875 0.465625 0.142187 
 0.523438 0.545312 0.142187 
 0.632812 0.656250 0.142187 
 0.698438 0.721875 0.142187 
 0.764062 0.796875 0.142187 
 0.875000 0.896875 0.142187 
 0.043750 0.134375 0.140625 
 0.231250 0.264062 0.140625 
 0.375000 0.462500 0.140625 
 0.523438 0.545312 0.140625 
 0.632812 0.656250 0.140625 
 0.698438 0.721875 0.140625 
 0.764062 0.793750 0.140625 
 0.875000 0.896875 0.140625 
 0.043750 0.134375 0.139063 
 0.231250 0.264062 0.139063 
 0.375000 0.462500 0.139063 
 0.523438 0.545312 0.139063 
 0.632812 0.656250 0.139063 
 0.698438 0.721875 0.139063 
 0.764062 0.793750 0.139063 
 0.875000 0.896875 0.139063 
 0.043750 0.134375 0.137500 
 0.231250 0.264062 0.137500 
 0.375000 0.462500 0.137500 
 0.523438 0.545312 0.137500 
 0.632812 0.656250 0.137500 
 0.698438 0.721875 0.137500 
 0.764062 0.793750 0.137500 
 0.875000 0.896875 0.137500 
 0.045312 0.128125 0.135937 
 0.234375 0.262500 0.135937 
 0.378125 0.460938 0.135937 
 0.523438 0.545312 0.135937 
 0.632812 0.656250 0.135937 
 0.698438 0.721875 0.135937 
 0.764062 0.793750 0.135937 
 0.875000 0.896875 0.135937 
 0.045312 0.128125 0.134375 
 0.234375 0.262500 0.134375 
 0.378125 0.460938 0.134375 
 0.523438 0.545312 0.134375 
 0.632812 0.656250 0.134375 
 0.698438 0.721875 0.134375 
 0.764062 0.793750 0.134375 
 0.875000 0.896875 0.134375 
 0.045312 0.128125 0.132812 
 0.234375 0.262500 0.132812 
 0.378125 0.460938 0.132812 
 0.523438 0.545312 0.132812 
 0.632812 0.656250 0.132812 
 0.698438 0.721875 0.132812 
 0.764062 0.793750 0.132812 
 0.875000 0.896875 0.132812 
 0.051562 0.126562 0.131250 
 0.234375 0.262500 0.131250 
 0.382812 0.454688 0.131250 
 0.523438 0.545312 0.131250 
 0.632812 0.656250 0.131250 
 0.698438 0.721875 0.131250 
 0.764062 0.792188 0.131250 
 0.875000 0.896875 0.131250 
 0.051562 0.126562 0.129688 
 0.234375 0.262500 0.129688 
 0.382812 0.454688 0.129688 
 0.523438 0.545312 0.129688 
 0.632812 0.656250 0.129688 
 0.698438 0.721875 0.129688 
 0.764062 0.792188 0.129688 
 0.875000 0.896875 0.129688 
 0.051562 0.126562 0.128125 
 0.234375 0.262500 0.128125 
 0.382812 0.454688 0.128125 
 0.523438 0.545312 0.128125 
 0.632812 0.656250 0.128125 
 0.698438 0.721875 0.128125 
 0.764062 0.792188 0.128125 
 0.875000 0.896875 0.128125 
 0.056250 0.121875 0.126562 
 0.234375 0.262500 0.126562 
 0.387500 0.450000 0.126562 
 0.523438 0.545312 0.126562 
 0.632812 0.656250 0.126562 
 0.698438 0.721875 0.126562 
 0.764062 0.792188 0.126562 
 0.875000 0.896875 0.126562 
 0.056250 0.121875 0.125000 
 0.234375 0.262500 0.125000 
 0.387500 0.450000 0.125000 
 0.523438 0.545312 0.125000 
 0.632812 0.656250 0.125000 
 0.698438 0.721875 0.125000 
 0.764062 0.792188 0.125000 
 0.875000 0.896875 0.125000 
 0.056250 0.121875 0.123438 
 0.234375 0.262500 0.123438 
 0.387500 0.450000 0.123438 
 0.523438 0.545312 0.123438 
 0.632812 0.656250 0.123438 
 0.698438 0.721875 0.123438 
 0.764062 0.792188 0.123438 
 0.875000 0.896875 0.123438 
 0.056250 0.121875 0.121875 
 0.234375 0.262500 0.121875 
 0.387500 0.450000 0.121875 
 0.523438 0.545312 0.121875 
 0.632812 0.656250 0.121875 
 0.698438 0.721875 0.121875 
 0.764062 0.792188 0.121875 
 0.875000 0.896875 0.121875 
 0.064062 0.114062 0.120313 
 0.237500 0.259375 0.120313 
 0.395313 0.445312 0.120313 
 0.523438 0.545312 0.120313 
 0.632812 0.656250 0.120313 
 0.698438 0.721875 0.120313 
 0.764062 0.789062 0.120313 
 0.875000 0.896875 0.120313 
 0.064062 0.114062 0.118750 
 0.237500 0.259375 0.118750 
 0.395313 0.445312 0.118750 
 0.523438 0.545312 0.118750 
 0.632812 0.656250 0.118750 
 0.698438 0.721875 0.118750 
 0.764062 0.789062 0.118750 
 0.875000 0.896875 0.118750 
 0.064062 0.114062 0.117188 
 0.237500 0.259375 0.117188 
 0.395313 0.445312 0.117188 
 0.523438 0.545312 0.117188 
 0.632812 0.656250 0.117188 
 0.698438 0.721875 0.117188 
 0.764062 0.789062 0.117188 
 0.875000 0.896875 0.117188 
 0.073438 0.103125 0.115625 
 0.404687 0.434375 0.115625 
 0.073438 0.103125 0.114062 
 0.404687 0.434375 0.114062 
 0.073438 0.103125 0.112500 
 0.404687 0.434375 0.112500 
