116
 0.125000 0.289583  0.131250 
 0.198437 0.289583  0.204687 
 0.121875 0.287500  0.132812 
 0.196875 0.287500  0.207813 
 0.121875 0.285417  0.134375 
 0.195312 0.285417  0.207813 
 0.120313 0.283333  0.134375 
 0.193750 0.283333  0.209375 
 0.120313 0.281250  0.135937 
 0.193750 0.281250  0.209375 
 0.120313 0.279167  0.135937 
 0.192188 0.279167  0.209375 
 0.120313 0.277083  0.137500 
 0.192188 0.277083  0.209375 
 0.121875 0.275000  0.137500 
 0.190625 0.275000  0.207813 
 0.121875 0.272917  0.139063 
 0.190625 0.272917  0.207813 
 0.121875 0.270833  0.139063 
 0.190625 0.270833  0.207813 
 0.123438 0.268750  0.140625 
 0.189062 0.268750  0.206250 
 0.123438 0.266667  0.140625 
 0.189062 0.266667  0.206250 
 0.125000 0.264583  0.142187 
 0.189062 0.264583  0.204687 
 0.125000 0.262500  0.142187 
 0.187500 0.262500  0.204687 
 0.125000 0.260417  0.143750 
 0.187500 0.260417  0.204687 
 0.126562 0.258333  0.143750 
 0.187500 0.258333  0.203125 
 0.126562 0.256250  0.145313 
 0.187500 0.256250  0.203125 
 0.128125 0.254167  0.145313 
 0.187500 0.254167  0.203125 
 0.128125 0.252083  0.145313 
 0.185938 0.252083  0.203125 
 0.129688 0.250000  0.146875 
 0.185938 0.250000  0.201563 
 0.129688 0.247917  0.148438 
 0.185938 0.247917  0.201563 
 0.129688 0.245833  0.154688 
 0.185938 0.245833  0.201563 
 0.131250 0.243750  0.160938 
 0.185938 0.243750  0.201563 
 0.129688 0.241667  0.167187 
 0.184375 0.241667  0.200000 
 0.129688 0.239583  0.173437 
 0.184375 0.239583  0.200000 
 0.129688 0.237500  0.181250 
 0.184375 0.237500  0.200000 
 0.129688 0.235417  0.200000 
 0.131250 0.233333  0.200000 
 0.132812 0.231250  0.198437 
 0.134375 0.229167  0.198437 
 0.137500 0.227083  0.198437 
 0.137500 0.225000  0.198437 
 0.139063 0.222917  0.157812 
 0.160938 0.222917  0.196875 
 0.139063 0.220833  0.157812 
 0.167187 0.220833  0.196875 
 0.140625 0.218750  0.159375 
 0.175000 0.218750  0.196875 
 0.140625 0.216667  0.159375 
 0.181250 0.216667  0.196875 
 0.142187 0.214583  0.160938 
 0.181250 0.214583  0.196875 
 0.142187 0.212500  0.162500 
 0.181250 0.212500  0.195312 
 0.143750 0.210417  0.162500 
 0.179688 0.210417  0.195312 
 0.143750 0.208333  0.164062 
 0.179688 0.208333  0.195312 
 0.145313 0.206250  0.164062 
 0.179688 0.206250  0.195312 
 0.145313 0.204167  0.165625 
 0.179688 0.204167  0.195312 
 0.146875 0.202083  0.167187 
 0.179688 0.202083  0.193750 
 0.146875 0.200000  0.167187 
 0.178125 0.200000  0.193750 
 0.148438 0.197917  0.168750 
 0.178125 0.197917  0.193750 
 0.150000 0.195833  0.168750 
 0.178125 0.195833  0.193750 
 0.150000 0.193750  0.170313 
 0.178125 0.193750  0.192188 
 0.151562 0.191667  0.171875 
 0.178125 0.191667  0.192188 
 0.151562 0.189583  0.171875 
 0.176563 0.189583  0.192188 
 0.153125 0.187500  0.173437 
 0.176563 0.187500  0.192188 
 0.153125 0.185417  0.173437 
 0.176563 0.185417  0.192188 
 0.154688 0.183333  0.175000 
 0.176563 0.183333  0.190625 
 0.156250 0.181250  0.175000 
 0.176563 0.181250  0.190625 
 0.156250 0.179167  0.190625 
 0.157812 0.177083  0.190625 
 0.159375 0.175000  0.190625 
 0.160938 0.172917  0.190625 
 0.160938 0.170833  0.189062 
 0.162500 0.168750  0.189062 
 0.164062 0.166667  0.189062 
 0.165625 0.164583  0.189062 
 0.165625 0.162500  0.189062 
 0.167187 0.160417  0.187500 
 0.168750 0.158333  0.187500 
 0.170313 0.156250  0.187500 
 0.171875 0.154167  0.187500 
 0.173437 0.152083  0.185938 
 0.175000 0.150000  0.184375 
 0.176563 0.147917  0.182812 
